1010010010000111
0010101000110001
1010010010001110
0001111011110001
1010110000101010
0010011010101111
1010110000001011
0101011000010111
1010110001001011
1100010001010111
1010101111010010
0010011001010111
1010110001000011
1011001100001111
1011001011100010
0010011001100000
1010110000010010
0010011010010111
1010110000100010
0010011010101000
1010101111101011
0011011011110111
1010101111100010
0010011001101000
1010011001010010
1001101000101000
1010011000011010
0100010000110000
1010011000001010
0011010010100000
1010010111110001
0001110111000001
0101000000101001
0001010001001011
0101000000011010
0111001011000010
0100111111100001
0001010000000011
0101000000111001
0001010001011010
0100111111000010
0001011110101010
0110101000101110
0110001101000000
0110101000100110
0101011111111000
0110101001100110
1100111000111000
0110101001000110
1000101100011000
1000100000010101
0001111000011001
1011101101111101
0001111001000001
0110101001000101
0001111001010000
1101110000011101
0001101111000010
1101110001101101
0001110000010011
1101110000010101
0001101110111011
1101110000110101
0001101111011011
1101110001011101
0001110000000010
1101110000100101
0001101111001010
