01010010010101101
00001111011000011
01010010001100000
00010101001010111
01010010010101101
00010101001010111
00000000001001101
00000101110010100
00000101110010101
01011010101000100
00001111011000011
01010010001100000
00001111011000011
01010010001100000
00001111100100000
00000000001011101
00001000011100101
00001000011100100
01010101110111100
00010011001000001
10000101100100000
00010011001000001
01010101110111100
00010011100011110
00101111101100101
00000000011011101
00101111101100100
01010110001011001
00101011001100101
01010110001011001
00010011001000001
01010101110111100
00101011001100101
00011000000100101
00000000010011101
00011000000100100
01010110011011001
01100010011100101
01010110011011001
00010011001000001
01010101110111100
01100010011100101
01001111010100101
00000000100011101
01001111010100100
01010111110110000
00010011001000001
01010101110111100
00010011001000001
01010101110111100
00010011001101110
00000000000101101
00000001111110101
00000001111110100
01010110011001001
01011001110010101
01010110011001001
00010011001000001
01010101110111100
01011001110010101
01000110101010101
00000000100001101
01000110101010100
01011001100000000
00010011001111110
01011001100000000
00010011001000001
01010101110111100
00010011001111110
00000011101000101
00000011101000100
00000000000111101
01110011000110000
00010011001000001
01010101110111100
00010011001000001
01010101110111100
00010011011101110
00000000010101101
00011101001110101
00011101001110100
01010101110111100
00010011100001110
01010101110111100
00010011001000001
01111110111010000
00010011100001110
00101001000010101
00101001000010100
00000000011001101
01010110000011001
00011011100100101
01010110000011001
00010011001000001
01010101110111100
00011011100100101
00001000011100101
00000000001011101
00001000011100100
01010101110111100
00010011010001110
01010101110111100
00010011001000001
01011011101010000
00010011010001110
00000101110010101
00000101110010100
00000000001001101
01010011011010000
00001110110100010
01010010111010011
01001101010100110
01010011011010000
01001101010100110
00000000011111101
00111110100000100
00111110100000101
01010011001100000
00100010001110110
01010011001100000
00001110110100010
01010010111010011
00100010001110110
00010011011010101
00000000010001101
00010011011010100
01010011001000000
00001110110100010
01010010111010011
00011010011010110
01010011001000000
00011010011010110
00000000001101101
00001011100110100
00001011100110101
01010010111010011
00001110111011111
01010010111010011
00001110110100010
01010110100010111
00001110111011111
00000011101000101
00000011101000100
00000000000111101
00100111110101011
00001010011001001
00100111110101011
00001001111001100
01100110010101111
00001010011001001
00111110100000101
00111110100000100
00000000011111101
00101000010001000
00111001100110000
00101000010001000
00001001111001100
00100111110101011
00111001100110000
00101111101100101
00000000011011101
00101111101100100
00100111110101011
00001010000111001
00100111110101011
00001001111001100
00110011011011111
00001010000111001
00001011100110101
00001011100110100
00000000001101101
01110111001001111
00001001111001100
00100111110101011
00001001111001100
00100111110101011
00001010011101001
00000000100011101
01001111010100101
01001111010100100
00100111111011000
00001011111000000
00100111111011000
00001001111001100
00100111110101011
00001011111000000
00000001111110101
00000000000101101
00000001111110100
00110101010001100
00001110111011010
00110100111001111
00110001110011110
00110101010001100
00110001110011110
00000000010111101
00100010111000100
00100010111000101
00110101001111100
00101100001001110
00110101001111100
00001110111011010
00110100111001111
00101100001001110
00011101001110101
00000000010101101
00011101001110100
00110101011111100
00001110111011010
00110100111001111
01100111011001110
00110101011111100
01100111011001110
00000000100101101
01011000011110100
01011000011110101
00110101010111100
01000101110001110
00110101010111100
00001110111011010
00110100111001111
01000101110001110
00110110110110101
00000000011101101
00110110110110100
01000100001010011
00001111001010111
01000100001010011
00001110111011010
00110100111001111
00001111001010111
00001111010000101
00001111010000100
00000000001111101
01011101111100011
00001111010100111
01011101111100011
00001110111011010
00110100111001111
00001111010100111
00101001000010101
00101001000010100
00000000011001101
01101011110000011
00001110111011010
00110100111001111
00001110111011010
00110100111001111
00001111011000111
00000000011101101
00110110110110101
00110110110110100
01101101111010111
00001101101111100
10000001010101011
00001101101111100
01101101111010111
00001110000001001
00010011011010101
00000000010001101
00010011011010100
01101101111010111
00001110010101001
01101101111010111
00001101101111100
11000110011001011
00001110010101001
01011000011110101
01011000011110100
00000000100101101
01101101111010111
00001101111111001
01101101111010111
00001101101111100
01111101001011011
00001101111111001
00001111010000101
00001111010000100
00000000001111101
01101101111010111
00001110000111001
01101101111010111
00001101101111100
10010000110011011
00001110000111001
00100010111000101
00100010111000100
00000000010111101
10110100100101011
00001101101111100
01101101111010111
00001101101111100
01101101111010111
00001110010001001
00000000100001101
01000110101010101
01000110101010100
10000101111111011
00001101101111100
01101101111010111
00001101101111100
01101101111010111
00001110000011001
00000000010011101
00011000000100101
00011000000100100
